0
0
1
0
2
0
3
0
4
0
5
0
6
0
7
0
8
0
9
0
10
0
11
0
12
0
13
0
14
0
15
0
16
0
17
0
18
0
19
0
20
0
21
0
22
0
23
0
24
0
25
0
26
0
27
0
28
0
29
0
30
0
31
0
32
0
33
0
34
0
35
0
36
0
37
0
38
0
39
0
40
0
41
0
42
0
43
0
44
0
45
0
46
0
47
0
48
0
49
0
50
0
51
0
52
0
53
0
54
0
55
0
56
0
57
0
58
0
59
0
60
0
61
0
62
0
63
0
64
0
65
0
66
0
67
0
68
0
69
0
70
0
71
0
72
0
73
0
74
0
75
0
76
0
77
0
78
0
79
0
80
0
81
0
82
0
83
0
84
0
85
0
86
0
87
0
88
0
89
0
90
0
91
0
92
0
93
0
94
0
95
0
96
0
97
0
98
0
99
0
100
0
0
1
1
1
2
1
3
1
4
1
5
1
6
1
7
1
8
1
9
1
10
1
11
1
12
1
13
1
14
1
15
1
16
1
17
1
18
1
19
1
20
1
21
1
22
1
23
1
24
1
25
1
26
1
27
1
28
1
29
1
30
1
31
1
32
1
33
1
34
1
35
1
36
1
37
1
38
1
39
1
40
1
41
1
42
1
43
1
44
1
45
1
46
1
47
1
48
1
49
1
50
1
51
1
52
1
53
1
54
1
55
1
56
1
57
1
58
1
59
1
60
1
61
1
62
1
63
1
64
1
65
1
66
1
67
1
68
1
69
1
70
1
71
1
72
1
73
1
74
1
75
1
76
1
77
1
78
1
79
1
80
1
81
1
82
1
83
1
84
1
85
1
86
1
87
1
88
1
89
1
90
1
91
1
92
1
93
1
94
1
95
1
96
1
97
1
98
1
99
1
100
1
0
00
1
00
2
00
3
00
4
00
5
00
6
00
7
00
8
00
9
00
10
00
11
00
12
00
13
00
14
00
15
00
16
00
17
00
18
00
19
00
20
00
21
00
22
00
23
00
24
00
25
00
26
00
27
00
28
00
29
00
30
00
31
00
32
00
33
00
34
00
35
00
36
00
37
00
38
00
39
00
40
00
41
00
42
00
43
00
44
00
45
00
46
00
47
00
48
00
49
00
50
00
51
00
52
00
53
00
54
00
55
00
56
00
57
00
58
00
59
00
60
00
61
00
62
00
63
00
64
00
65
00
66
00
67
00
68
00
69
00
70
00
71
00
72
00
73
00
74
00
75
00
76
00
77
00
78
00
79
00
80
00
81
00
82
00
83
00
84
00
85
00
86
00
87
00
88
00
89
00
90
00
91
00
92
00
93
00
94
00
95
00
96
00
97
00
98
00
99
00
100
00
0
01
1
01
2
01
3
01
4
01
5
01
6
01
7
01
8
01
9
01
10
01
11
01
12
01
13
01
14
01
15
01
16
01
17
01
18
01
19
01
20
01
21
01
22
01
23
01
24
01
25
01
26
01
27
01
28
01
29
01
30
01
31
01
32
01
33
01
34
01
35
01
36
01
37
01
38
01
39
01
40
01
41
01
42
01
43
01
44
01
45
01
46
01
47
01
48
01
49
01
50
01
51
01
52
01
53
01
54
01
55
01
56
01
57
01
58
01
59
01
60
01
61
01
62
01
63
01
64
01
65
01
66
01
67
01
68
01
69
01
70
01
71
01
72
01
73
01
74
01
75
01
76
01
77
01
78
01
79
01
80
01
81
01
82
01
83
01
84
01
85
01
86
01
87
01
88
01
89
01
90
01
91
01
92
01
93
01
94
01
95
01
96
01
97
01
98
01
99
01
100
01
0
10
1
10
2
10
3
10
4
10
5
10
6
10
7
10
8
10
9
10
10
10
11
10
12
10
13
10
14
10
15
10
16
10
17
10
18
10
19
10
20
10
21
10
22
10
23
10
24
10
25
10
26
10
27
10
28
10
29
10
30
10
31
10
32
10
33
10
34
10
35
10
36
10
37
10
38
10
39
10
40
10
41
10
42
10
43
10
44
10
45
10
46
10
47
10
48
10
49
10
50
10
51
10
52
10
53
10
54
10
55
10
56
10
57
10
58
10
59
10
60
10
61
10
62
10
63
10
64
10
65
10
66
10
67
10
68
10
69
10
70
10
71
10
72
10
73
10
74
10
75
10
76
10
77
10
78
10
79
10
80
10
81
10
82
10
83
10
84
10
85
10
86
10
87
10
88
10
89
10
90
10
91
10
92
10
93
10
94
10
95
10
96
10
97
10
98
10
99
10
100
10
0
11
1
11
2
11
3
11
4
11
5
11
6
11
7
11
8
11
9
11
10
11
11
11
12
11
13
11
14
11
15
11
16
11
17
11
18
11
19
11
20
11
21
11
22
11
23
11
24
11
25
11
26
11
27
11
28
11
29
11
30
11
31
11
32
11
33
11
34
11
35
11
36
11
37
11
38
11
39
11
40
11
41
11
42
11
43
11
44
11
45
11
46
11
47
11
48
11
49
11
50
11
51
11
52
11
53
11
54
11
55
11
56
11
57
11
58
11
59
11
60
11
61
11
62
11
63
11
64
11
65
11
66
11
67
11
68
11
69
11
70
11
71
11
72
11
73
11
74
11
75
11
76
11
77
11
78
11
79
11
80
11
81
11
82
11
83
11
84
11
85
11
86
11
87
11
88
11
89
11
90
11
91
11
92
11
93
11
94
11
95
11
96
11
97
11
98
11
99
11
100
11
